100 64 2.5
100 65 2.2
100 66 1.5
100 67 2.5
100 68 2.6
100 69 1.8
100 70 5.2
100 71 25.6
100 72 22.9
100 73 28.6
100 74 22.5
100 75 29.9
100 76 26
100 77 22
100 78 23
100 79 19.8
100 80 19.5
100 81 24.8
100 82 22
100 83 29.3
100 84 26.3
100 85 21.1
100 86 65.6
100 87 64.1
100 88 64.9
100 89 61.9
100 90 63.9
100 300 193
100 200 65.1
63 64 0.7
64 66 1
65 66 0.7
67 68 0.1
67 69 0.7
69 70 3.4
71 73 3
73 74 6.1
73 75 1.3
74 75 7.4
75 76 3.9
77 78 1
77 79 2.2
78 79 3.2
77 80 2.5
80 82 2.5
81 83 4.5
81 86 40.8
83 84 3
83 85 8.2
85 86 44.5
85 87 43
86 87 1.5
87 88 0.8
88 89 3
89 90 2
90 63 60.7
200 1 2.1
200 2 3.8
200 3 4.2
200 4 4.4
200 5 4.6
200 6 5.6
200 7 5.1
200 8 4.1
200 9 6.6
200 10 6.7
200 11 5.6
200 12 3.8
200 13 5.4
200 14 4.4
200 15 3.2
200 16 4.4
200 17 6.6
200 18 4.6
200 19 7.8
200 20 8.3
200 21 11.1
200 22 10.7
200 23 10.5
200 24 10.3
200 25 9.9
200 26 10.5
200 27 12.5
200 28 7.7
200 29 7
200 30 9.6
200 300 155
200 100 65.1
1 2 1.7
1 4 2.3
2 3 0.4
4 5 0.2
5 8 0.5
8 9 2.5
9 11 1
10 12 2.9
12 15 0.6
13 14 1
14 15 1.2
15 16 1.2
16 17 2.2
17 18 2
18 19 3.2
19 21 3.3
20 21 2.8
22 23 0.2
21 24 0.8
24 25 0.4
25 26 0.6
27 28 4.8
28 29 0.7
29 30 2
30 1 7.5
300 33 14.6
300 34 15
300 35 13.9
300 36 14
300 37 1.1
300 38 11.2
300 39 11.2
300 40 14
300 41 14.6
300 42 13.8
300 43 15.2
300 44 16.1
300 45 16.4
300 46 9.6
300 47 9.4
300 48 9
300 49 2.4
300 50 8.7
300 51 10.7
300 52 11.5
300 53 9.2
300 54 8.7
300 55 17.7
300 56 11.5
300 57 19.2
300 58 36.2
300 59 2.6
300 60 23.5
300 61 17.4
300 200 155
300 100 193
33 35 0.7
35 36 0.1
36 37 12.9
37 38 10.1
38 40 2.8
39 40 2.8
41 44 1.5
44 45 0.3
46 48 0.6
48 49 6.6
50 51 2
52 53 2.3
54 56 2.8
55 56 6.2
56 57 7.7
57 58 17
58 60 12.7
61 34 2.4
61 33 2.8
63 200 100
30 63 100
30 300 100
